255 255 255 255 255 255 255 255 255 255 255 255 255 255 255 255
255 255 255 255 255 255 255 255 255 255 255 255 255 255 255 255
255 255 241 198 198 198 198 198 198 198 198 198 198 233 255 255
255 255 198   0   0   0   0   0   0   0   0   0   0 161 255 255
255 255 198   0   0   0   0   0   0   0   0   0   0 161 255 255
255 255 198   0   0   0  20 171 200 200 179   0   0 161 255 255
255 255 198   0   0  20  49 222 251 231 204   0   0 161 255 255
255 255 198   0   0 171 222 249 224  60  32   0   0 161 255 255
255 255 198   0   0 172 219 219 193  55  31   0   0 161 255 255
255 255 198   0   0  22  28  28  55 203 202   0   0 161 255 255
255 255 198   0   0   0   0   0  31 202 205   0   0 161 255 255
255 255 198   0   0   0   0   0   0   0   0   0   0 161 255 255
255 255 198   0   0   0   0   0   0   0   0   0   0 161 255 255
255 255 233 161 161 161 161 161 161 161 161 161 161 219 255 255
255 255 255 255 255 255 255 255 255 255 255 255 255 255 255 255
255 255 255 255 255 255 255 255 255 255 255 255 255 255 255 255
255 255 255 255 255 255 255 255 255 255 255 255 255 255 255 255
255 255 255 255 255 255 255 255 255 255 255 255 255 255 255 255
255 255 241 198 198 198 198 198 198 198 198 198 198 233 255 255
255 255 198   0   0   0   0   0   0   0   0   0   0 161 255 255
255 255 198   0   0   0   0   0   0   0   0   0   0 161 255 255
255 255 198   0   0   0  20 171 200 200 179   0   0 161 255 255
255 255 198   0   0  20  49 222 251 231 204   0   0 161 255 255
255 255 198   0   0 171 222 249 224  60  32   0   0 161 255 255
255 255 198   0   0 172 219 219 193  55  31   0   0 161 255 255
255 255 198   0   0  22  28  28  55 203 202   0   0 161 255 255
255 255 198   0   0   0   0   0  31 202 205   0   0 161 255 255
255 255 198   0   0   0   0   0   0   0   0   0   0 161 255 255
255 255 198   0   0   0   0   0   0   0   0   0   0 161 255 255
255 255 233 161 161 161 161 161 161 161 161 161 161 219 255 255
255 255 255 255 255 255 255 255 255 255 255 255 255 255 255 255
255 255 255 255 255 255 255 255 255 255 255 255 255 255 255 255
255 255 255 255 255 255 255 255 255 255 255 255 255 255 255 255
255 255 255 255 255 255 255 255 255 255 255 255 255 255 255 255
255 255 241 198 198 198 198 198 198 198 198 198 198 233 255 255
255 255 198   0   0   0   0   0   0   0   0   0   0 161 255 255
255 255 198   0   0   0   0   0   0   0   0   0   0 161 255 255
255 255 198   0   0   0  20 171 200 200 179   0   0 161 255 255
255 255 198   0   0  20  49 222 251 231 204   0   0 161 255 255
255 255 198   0   0 171 222 249 224  60  32   0   0 161 255 255
255 255 198   0   0 172 219 219 193  55  31   0   0 161 255 255
255 255 198   0   0  22  28  28  55 203 202   0   0 161 255 255
255 255 198   0   0   0   0   0  31 202 205   0   0 161 255 255
255 255 198   0   0   0   0   0   0   0   0   0   0 161 255 255
255 255 198   0   0   0   0   0   0   0   0   0   0 161 255 255
255 255 233 161 161 161 161 161 161 161 161 161 161 219 255 255
255 255 255 255 255 255 255 255 255 255 255 255 255 255 255 255
255 255 255 255 255 255 255 255 255 255 255 255 255 255 255 255

255 255 255 255 255 255 255 255 255 255 255 255 255 255 255 255
255 255 255 255 255 255 255 255 255 255 255 255 255 255 255 255
255 255 234 161 161 161 161 161 161 161 161 161 161 220 255 255
255 255 199   0   0   0   0   0   0   0   0   0   0 161 255 255
255 255 199   0   0   0   0   0   0   0   0   0   0 161 255 255
255 255 199   0   0 180 205  33  32 203 205   0   0 161 255 255
255 255 199   0   0 201 232  61  56 204 203   0   0 161 255 255
255 255 199   0   0 201 251 224 194  56  32   0   0 161 255 255
255 255 199   0   0 172 222 250 219  28   0   0   0 161 255 255
255 255 199   0   0  20  49 222 219  28   0   0   0 161 255 255
255 255 199   0   0   0  20 172 173  22   0   0   0 161 255 255
255 255 199   0   0   0   0   0   0   0   0   0   0 161 255 255
255 255 199   0   0   0   0   0   0   0   0   0   0 161 255 255
255 255 242 199 199 199 199 199 199 199 199 199 199 234 255 255
255 255 255 255 255 255 255 255 255 255 255 255 255 255 255 255
255 255 255 255 255 255 255 255 255 255 255 255 255 255 255 255
255 255 255 255 255 255 255 255 255 255 255 255 255 255 255 255
255 255 255 255 255 255 255 255 255 255 255 255 255 255 255 255
255 255 234 161 161 161 161 161 161 161 161 161 161 220 255 255
255 255 199   0   0   0   0   0   0   0   0   0   0 161 255 255
255 255 199   0   0   0   0   0   0   0   0   0   0 161 255 255
255 255 199   0   0 180 205  33  32 203 205   0   0 161 255 255
255 255 199   0   0 201 232  61  56 204 203   0   0 161 255 255
255 255 199   0   0 201 251 224 194  56  32   0   0 161 255 255
255 255 199   0   0 172 222 250 219  28   0   0   0 161 255 255
255 255 199   0   0  20  49 222 219  28   0   0   0 161 255 255
255 255 199   0   0   0  20 172 173  22   0   0   0 161 255 255
255 255 199   0   0   0   0   0   0   0   0   0   0 161 255 255
255 255 199   0   0   0   0   0   0   0   0   0   0 161 255 255
255 255 242 199 199 199 199 199 199 199 199 199 199 234 255 255
255 255 255 255 255 255 255 255 255 255 255 255 255 255 255 255
255 255 255 255 255 255 255 255 255 255 255 255 255 255 255 255
255 255 255 255 255 255 255 255 255 255 255 255 255 255 255 255
255 255 255 255 255 255 255 255 255 255 255 255 255 255 255 255
255 255 234 161 161 161 161 161 161 161 161 161 161 220 255 255
255 255 199   0   0   0   0   0   0   0   0   0   0 161 255 255
255 255 199   0   0   0   0   0   0   0   0   0   0 161 255 255
255 255 199   0   0 180 205  33  32 203 205   0   0 161 255 255
255 255 199   0   0 201 232  61  56 204 203   0   0 161 255 255
255 255 199   0   0 201 251 224 194  56  32   0   0 161 255 255
255 255 199   0   0 172 222 250 219  28   0   0   0 161 255 255
255 255 199   0   0  20  49 222 219  28   0   0   0 161 255 255
255 255 199   0   0   0  20 172 173  22   0   0   0 161 255 255
255 255 199   0   0   0   0   0   0   0   0   0   0 161 255 255
255 255 199   0   0   0   0   0   0   0   0   0   0 161 255 255
255 255 242 199 199 199 199 199 199 199 199 199 199 234 255 255
255 255 255 255 255 255 255 255 255 255 255 255 255 255 255 255
255 255 255 255 255 255 255 255 255 255 255 255 255 255 255 255

255 255 255 255 255 255 255 255 255 255 255 255 255 255 255 255
255 255 255 255 255 255 255 255 255 255 255 255 255 255 255 255
255 255 220 161 161 161 161 161 161 161 161 161 161 234 255 255
255 255 161   0   0   0   0   0   0   0   0   0   0 199 255 255
255 255 161   0   0   0   0   0   0   0   0   0   0 199 255 255
255 255 161   0   0 205 203  32   0   0   0   0   0 199 255 255
255 255 161   0   0 203 204  56  28  28  22   0   0 199 255 255
255 255 161   0   0  32  56 194 219 219 173   0   0 199 255 255
255 255 161   0   0  33  61 224 250 222 172   0   0 199 255 255
255 255 161   0   0 205 232 251 222  49  20   0   0 199 255 255
255 255 161   0   0 180 201 201 172  20   0   0   0 199 255 255
255 255 161   0   0   0   0   0   0   0   0   0   0 199 255 255
255 255 161   0   0   0   0   0   0   0   0   0   0 199 255 255
255 255 234 199 199 199 199 199 199 199 199 199 199 242 255 255
255 255 255 255 255 255 255 255 255 255 255 255 255 255 255 255
255 255 255 255 255 255 255 255 255 255 255 255 255 255 255 255
255 255 255 255 255 255 255 255 255 255 255 255 255 255 255 255
255 255 255 255 255 255 255 255 255 255 255 255 255 255 255 255
255 255 220 161 161 161 161 161 161 161 161 161 161 234 255 255
255 255 161   0   0   0   0   0   0   0   0   0   0 199 255 255
255 255 161   0   0   0   0   0   0   0   0   0   0 199 255 255
255 255 161   0   0 205 203  32   0   0   0   0   0 199 255 255
255 255 161   0   0 203 204  56  28  28  22   0   0 199 255 255
255 255 161   0   0  32  56 194 219 219 173   0   0 199 255 255
255 255 161   0   0  33  61 224 250 222 172   0   0 199 255 255
255 255 161   0   0 205 232 251 222  49  20   0   0 199 255 255
255 255 161   0   0 180 201 201 172  20   0   0   0 199 255 255
255 255 161   0   0   0   0   0   0   0   0   0   0 199 255 255
255 255 161   0   0   0   0   0   0   0   0   0   0 199 255 255
255 255 234 199 199 199 199 199 199 199 199 199 199 242 255 255
255 255 255 255 255 255 255 255 255 255 255 255 255 255 255 255
255 255 255 255 255 255 255 255 255 255 255 255 255 255 255 255
255 255 255 255 255 255 255 255 255 255 255 255 255 255 255 255
255 255 255 255 255 255 255 255 255 255 255 255 255 255 255 255
255 255 220 161 161 161 161 161 161 161 161 161 161 234 255 255
255 255 161   0   0   0   0   0   0   0   0   0   0 199 255 255
255 255 161   0   0   0   0   0   0   0   0   0   0 199 255 255
255 255 161   0   0 205 203  32   0   0   0   0   0 199 255 255
255 255 161   0   0 203 204  56  28  28  22   0   0 199 255 255
255 255 161   0   0  32  56 194 219 219 173   0   0 199 255 255
255 255 161   0   0  33  61 224 250 222 172   0   0 199 255 255
255 255 161   0   0 205 232 251 222  49  20   0   0 199 255 255
255 255 161   0   0 180 201 201 172  20   0   0   0 199 255 255
255 255 161   0   0   0   0   0   0   0   0   0   0 199 255 255
255 255 161   0   0   0   0   0   0   0   0   0   0 199 255 255
255 255 234 199 199 199 199 199 199 199 199 199 199 242 255 255
255 255 255 255 255 255 255 255 255 255 255 255 255 255 255 255
255 255 255 255 255 255 255 255 255 255 255 255 255 255 255 255

255 255 255 255 255 255 255 255 255 255 255 255 255 255 255 255
255 255 255 255 255 255 255 255 255 255 255 255 255 255 255 255
255 255 234 199 199 199 199 199 199 199 199 199 199 242 255 255
255 255 161   0   0   0   0   0   0   0   0   0   0 199 255 255
255 255 161   0   0   0   0   0   0   0   0   0   0 199 255 255
255 255 161   0   0   0  22 173 172  20   0   0   0 199 255 255
255 255 161   0   0   0  28 219 222  49  20   0   0 199 255 255
255 255 161   0   0   0  28 219 250 222 172   0   0 199 255 255
255 255 161   0   0  32  56 194 224 251 201   0   0 199 255 255
255 255 161   0   0 203 204  56  61 232 201   0   0 199 255 255
255 255 161   0   0 205 203  32  33 205 180   0   0 199 255 255
255 255 161   0   0   0   0   0   0   0   0   0   0 199 255 255
255 255 161   0   0   0   0   0   0   0   0   0   0 199 255 255
255 255 220 161 161 161 161 161 161 161 161 161 161 234 255 255
255 255 255 255 255 255 255 255 255 255 255 255 255 255 255 255
255 255 255 255 255 255 255 255 255 255 255 255 255 255 255 255
255 255 255 255 255 255 255 255 255 255 255 255 255 255 255 255
255 255 255 255 255 255 255 255 255 255 255 255 255 255 255 255
255 255 234 199 199 199 199 199 199 199 199 199 199 242 255 255
255 255 161   0   0   0   0   0   0   0   0   0   0 199 255 255
255 255 161   0   0   0   0   0   0   0   0   0   0 199 255 255
255 255 161   0   0   0  22 173 172  20   0   0   0 199 255 255
255 255 161   0   0   0  28 219 222  49  20   0   0 199 255 255
255 255 161   0   0   0  28 219 250 222 172   0   0 199 255 255
255 255 161   0   0  32  56 194 224 251 201   0   0 199 255 255
255 255 161   0   0 203 204  56  61 232 201   0   0 199 255 255
255 255 161   0   0 205 203  32  33 205 180   0   0 199 255 255
255 255 161   0   0   0   0   0   0   0   0   0   0 199 255 255
255 255 161   0   0   0   0   0   0   0   0   0   0 199 255 255
255 255 220 161 161 161 161 161 161 161 161 161 161 234 255 255
255 255 255 255 255 255 255 255 255 255 255 255 255 255 255 255
255 255 255 255 255 255 255 255 255 255 255 255 255 255 255 255
255 255 255 255 255 255 255 255 255 255 255 255 255 255 255 255
255 255 255 255 255 255 255 255 255 255 255 255 255 255 255 255
255 255 234 199 199 199 199 199 199 199 199 199 199 242 255 255
255 255 161   0   0   0   0   0   0   0   0   0   0 199 255 255
255 255 161   0   0   0   0   0   0   0   0   0   0 199 255 255
255 255 161   0   0   0  22 173 172  20   0   0   0 199 255 255
255 255 161   0   0   0  28 219 222  49  20   0   0 199 255 255
255 255 161   0   0   0  28 219 250 222 172   0   0 199 255 255
255 255 161   0   0  32  56 194 224 251 201   0   0 199 255 255
255 255 161   0   0 203 204  56  61 232 201   0   0 199 255 255
255 255 161   0   0 205 203  32  33 205 180   0   0 199 255 255
255 255 161   0   0   0   0   0   0   0   0   0   0 199 255 255
255 255 161   0   0   0   0   0   0   0   0   0   0 199 255 255
255 255 220 161 161 161 161 161 161 161 161 161 161 234 255 255
255 255 255 255 255 255 255 255 255 255 255 255 255 255 255 255
255 255 255 255 255 255 255 255 255 255 255 255 255 255 255 255
