  0   0   0   0   0   0   0   0   0   0   0   0   0   0   0   0
  0   0   0   0   0   0   0   0   0   0   0   0   0   0   0   0
  0   0  11  55  55  55  55  55  55  55  55  55  55  19   0   0
  0   0  55 255 255 255 255 255 255 255 255 255 255  92   0   0
  0   0  55 255 255 255 255 255 255 255 255 255 255  92   0   0
  0   0  55 255 255  95  73 225 255 255 255 255 255  92   0   0
  0   0  55 255 255  73  46 199 228 228 231 255 255  92   0   0
  0   0  55 255 255 225 199  62  36  36  58 255 255  92   0   0
  0   0  55 255 255 226 196  31   4  31  57 255 255  92   0   0
  0   0  55 255 255  76  25   4  31 200 228 255 255  92   0   0
  0   0  55 255 255  73  25  25  57 228 255 255 255  92   0   0
  0   0  55 255 255 255 255 255 255 255 255 255 255  92   0   0
  0   0  55 255 255 255 255 255 255 255 255 255 255  92   0   0
  0   0  19  92  92  92  92  92  92  92  92  92  92  33   0   0
  0   0   0   0   0   0   0   0   0   0   0   0   0   0   0   0
  0   0   0   0   0   0   0   0   0   0   0   0   0   0   0   0
  0   0   0   0   0   0   0   0   0   0   0   0   0   0   0   0
  0   0   0   0   0   0   0   0   0   0   0   0   0   0   0   0
  0   0  11  55  55  55  55  55  55  55  55  55  55  19   0   0
  0   0  55 255 255 255 255 255 255 255 255 255 255  92   0   0
  0   0  55 255 255 255 255 255 255 255 255 255 255  92   0   0
  0   0  55 255 255  95  73 225 255 255 255 255 255  92   0   0
  0   0  55 255 255  73  46 199 228 228 231 255 255  92   0   0
  0   0  55 255 255 225 199  62  36  36  58 255 255  92   0   0
  0   0  55 255 255 226 196  31   4  31  57 255 255  92   0   0
  0   0  55 255 255  76  25   4  31 200 228 255 255  92   0   0
  0   0  55 255 255  73  25  25  57 228 255 255 255  92   0   0
  0   0  55 255 255 255 255 255 255 255 255 255 255  92   0   0
  0   0  55 255 255 255 255 255 255 255 255 255 255  92   0   0
  0   0  19  92  92  92  92  92  92  92  92  92  92  33   0   0
  0   0   0   0   0   0   0   0   0   0   0   0   0   0   0   0
  0   0   0   0   0   0   0   0   0   0   0   0   0   0   0   0
  0   0   0   0   0   0   0   0   0   0   0   0   0   0   0   0
  0   0   0   0   0   0   0   0   0   0   0   0   0   0   0   0
  0   0  11  55  55  55  55  55  55  55  55  55  55  19   0   0
  0   0  55 255 255 255 255 255 255 255 255 255 255  92   0   0
  0   0  55 255 255 255 255 255 255 255 255 255 255  92   0   0
  0   0  55 255 255  95  73 225 255 255 255 255 255  92   0   0
  0   0  55 255 255  73  46 199 228 228 231 255 255  92   0   0
  0   0  55 255 255 225 199  62  36  36  58 255 255  92   0   0
  0   0  55 255 255 226 196  31   4  31  57 255 255  92   0   0
  0   0  55 255 255  76  25   4  31 200 228 255 255  92   0   0
  0   0  55 255 255  73  25  25  57 228 255 255 255  92   0   0
  0   0  55 255 255 255 255 255 255 255 255 255 255  92   0   0
  0   0  55 255 255 255 255 255 255 255 255 255 255  92   0   0
  0   0  19  92  92  92  92  92  92  92  92  92  92  33   0   0
  0   0   0   0   0   0   0   0   0   0   0   0   0   0   0   0
  0   0   0   0   0   0   0   0   0   0   0   0   0   0   0   0

  0   0   0   0   0   0   0   0   0   0   0   0   0   0   0   0
  0   0   0   0   0   0   0   0   0   0   0   0   0   0   0   0
  0   0  19  93  93  93  93  93  93  93  93  93  93  33   0   0
  0   0  55 255 255 255 255 255 255 255 255 255 255  93   0   0
  0   0  55 255 255 255 255 255 255 255 255 255 255  93   0   0
  0   0  55 255 255 255 231  58  57 229 255 255 255  93   0   0
  0   0  55 255 255 255 229  37  31 201 229 255 255  93   0   0
  0   0  55 255 255 255 229  37   5  31  57 255 255  93   0   0
  0   0  55 255 255 226 200  63  31   4  25 255 255  93   0   0
  0   0  55 255 255  74  46 200 197  25  25 255 255  93   0   0
  0   0  55 255 255  95  74 226 227  76  73 255 255  93   0   0
  0   0  55 255 255 255 255 255 255 255 255 255 255  93   0   0
  0   0  55 255 255 255 255 255 255 255 255 255 255  93   0   0
  0   0  11  55  55  55  55  55  55  55  55  55  55  19   0   0
  0   0   0   0   0   0   0   0   0   0   0   0   0   0   0   0
  0   0   0   0   0   0   0   0   0   0   0   0   0   0   0   0
  0   0   0   0   0   0   0   0   0   0   0   0   0   0   0   0
  0   0   0   0   0   0   0   0   0   0   0   0   0   0   0   0
  0   0  19  93  93  93  93  93  93  93  93  93  93  33   0   0
  0   0  55 255 255 255 255 255 255 255 255 255 255  93   0   0
  0   0  55 255 255 255 255 255 255 255 255 255 255  93   0   0
  0   0  55 255 255 255 231  58  57 229 255 255 255  93   0   0
  0   0  55 255 255 255 229  37  31 201 229 255 255  93   0   0
  0   0  55 255 255 255 229  37   5  31  57 255 255  93   0   0
  0   0  55 255 255 226 200  63  31   4  25 255 255  93   0   0
  0   0  55 255 255  74  46 200 197  25  25 255 255  93   0   0
  0   0  55 255 255  95  74 226 227  76  73 255 255  93   0   0
  0   0  55 255 255 255 255 255 255 255 255 255 255  93   0   0
  0   0  55 255 255 255 255 255 255 255 255 255 255  93   0   0
  0   0  11  55  55  55  55  55  55  55  55  55  55  19   0   0
  0   0   0   0   0   0   0   0   0   0   0   0   0   0   0   0
  0   0   0   0   0   0   0   0   0   0   0   0   0   0   0   0
  0   0   0   0   0   0   0   0   0   0   0   0   0   0   0   0
  0   0   0   0   0   0   0   0   0   0   0   0   0   0   0   0
  0   0  19  93  93  93  93  93  93  93  93  93  93  33   0   0
  0   0  55 255 255 255 255 255 255 255 255 255 255  93   0   0
  0   0  55 255 255 255 255 255 255 255 255 255 255  93   0   0
  0   0  55 255 255 255 231  58  57 229 255 255 255  93   0   0
  0   0  55 255 255 255 229  37  31 201 229 255 255  93   0   0
  0   0  55 255 255 255 229  37   5  31  57 255 255  93   0   0
  0   0  55 255 255 226 200  63  31   4  25 255 255  93   0   0
  0   0  55 255 255  74  46 200 197  25  25 255 255  93   0   0
  0   0  55 255 255  95  74 226 227  76  73 255 255  93   0   0
  0   0  55 255 255 255 255 255 255 255 255 255 255  93   0   0
  0   0  55 255 255 255 255 255 255 255 255 255 255  93   0   0
  0   0  11  55  55  55  55  55  55  55  55  55  55  19   0   0
  0   0   0   0   0   0   0   0   0   0   0   0   0   0   0   0
  0   0   0   0   0   0   0   0   0   0   0   0   0   0   0   0

  0   0   0   0   0   0   0   0   0   0   0   0   0   0   0   0
  0   0   0   0   0   0   0   0   0   0   0   0   0   0   0   0
  0   0  33  93  93  93  93  93  93  93  93  93  93  19   0   0
  0   0  93 255 255 255 255 255 255 255 255 255 255  55   0   0
  0   0  93 255 255 255 255 255 255 255 255 255 255  55   0   0
  0   0  93 255 255 255 229  57  25  25  73 255 255  55   0   0
  0   0  93 255 255 229 201  31   4  25  76 255 255  55   0   0
  0   0  93 255 255  57  31   5  31 197 227 255 255  55   0   0
  0   0  93 255 255  58  37  37  63 200 226 255 255  55   0   0
  0   0  93 255 255 231 229 229 200  46  74 255 255  55   0   0
  0   0  93 255 255 255 255 255 226  74  95 255 255  55   0   0
  0   0  93 255 255 255 255 255 255 255 255 255 255  55   0   0
  0   0  93 255 255 255 255 255 255 255 255 255 255  55   0   0
  0   0  19  55  55  55  55  55  55  55  55  55  55  11   0   0
  0   0   0   0   0   0   0   0   0   0   0   0   0   0   0   0
  0   0   0   0   0   0   0   0   0   0   0   0   0   0   0   0
  0   0   0   0   0   0   0   0   0   0   0   0   0   0   0   0
  0   0   0   0   0   0   0   0   0   0   0   0   0   0   0   0
  0   0  33  93  93  93  93  93  93  93  93  93  93  19   0   0
  0   0  93 255 255 255 255 255 255 255 255 255 255  55   0   0
  0   0  93 255 255 255 255 255 255 255 255 255 255  55   0   0
  0   0  93 255 255 255 229  57  25  25  73 255 255  55   0   0
  0   0  93 255 255 229 201  31   4  25  76 255 255  55   0   0
  0   0  93 255 255  57  31   5  31 197 227 255 255  55   0   0
  0   0  93 255 255  58  37  37  63 200 226 255 255  55   0   0
  0   0  93 255 255 231 229 229 200  46  74 255 255  55   0   0
  0   0  93 255 255 255 255 255 226  74  95 255 255  55   0   0
  0   0  93 255 255 255 255 255 255 255 255 255 255  55   0   0
  0   0  93 255 255 255 255 255 255 255 255 255 255  55   0   0
  0   0  19  55  55  55  55  55  55  55  55  55  55  11   0   0
  0   0   0   0   0   0   0   0   0   0   0   0   0   0   0   0
  0   0   0   0   0   0   0   0   0   0   0   0   0   0   0   0
  0   0   0   0   0   0   0   0   0   0   0   0   0   0   0   0
  0   0   0   0   0   0   0   0   0   0   0   0   0   0   0   0
  0   0  33  93  93  93  93  93  93  93  93  93  93  19   0   0
  0   0  93 255 255 255 255 255 255 255 255 255 255  55   0   0
  0   0  93 255 255 255 255 255 255 255 255 255 255  55   0   0
  0   0  93 255 255 255 229  57  25  25  73 255 255  55   0   0
  0   0  93 255 255 229 201  31   4  25  76 255 255  55   0   0
  0   0  93 255 255  57  31   5  31 197 227 255 255  55   0   0
  0   0  93 255 255  58  37  37  63 200 226 255 255  55   0   0
  0   0  93 255 255 231 229 229 200  46  74 255 255  55   0   0
  0   0  93 255 255 255 255 255 226  74  95 255 255  55   0   0
  0   0  93 255 255 255 255 255 255 255 255 255 255  55   0   0
  0   0  93 255 255 255 255 255 255 255 255 255 255  55   0   0
  0   0  19  55  55  55  55  55  55  55  55  55  55  11   0   0
  0   0   0   0   0   0   0   0   0   0   0   0   0   0   0   0
  0   0   0   0   0   0   0   0   0   0   0   0   0   0   0   0

  0   0   0   0   0   0   0   0   0   0   0   0   0   0   0   0
  0   0   0   0   0   0   0   0   0   0   0   0   0   0   0   0
  0   0  19  55  55  55  55  55  55  55  55  55  55  11   0   0
  0   0  93 255 255 255 255 255 255 255 255 255 255  55   0   0
  0   0  93 255 255 255 255 255 255 255 255 255 255  55   0   0
  0   0  93 255 255  73  76 227 226  74  95 255 255  55   0   0
  0   0  93 255 255  25  25 197 200  46  74 255 255  55   0   0
  0   0  93 255 255  25   4  31  63 200 226 255 255  55   0   0
  0   0  93 255 255  57  31   5  37 229 255 255 255  55   0   0
  0   0  93 255 255 229 201  31  37 229 255 255 255  55   0   0
  0   0  93 255 255 255 229  57  58 231 255 255 255  55   0   0
  0   0  93 255 255 255 255 255 255 255 255 255 255  55   0   0
  0   0  93 255 255 255 255 255 255 255 255 255 255  55   0   0
  0   0  33  93  93  93  93  93  93  93  93  93  93  19   0   0
  0   0   0   0   0   0   0   0   0   0   0   0   0   0   0   0
  0   0   0   0   0   0   0   0   0   0   0   0   0   0   0   0
  0   0   0   0   0   0   0   0   0   0   0   0   0   0   0   0
  0   0   0   0   0   0   0   0   0   0   0   0   0   0   0   0
  0   0  19  55  55  55  55  55  55  55  55  55  55  11   0   0
  0   0  93 255 255 255 255 255 255 255 255 255 255  55   0   0
  0   0  93 255 255 255 255 255 255 255 255 255 255  55   0   0
  0   0  93 255 255  73  76 227 226  74  95 255 255  55   0   0
  0   0  93 255 255  25  25 197 200  46  74 255 255  55   0   0
  0   0  93 255 255  25   4  31  63 200 226 255 255  55   0   0
  0   0  93 255 255  57  31   5  37 229 255 255 255  55   0   0
  0   0  93 255 255 229 201  31  37 229 255 255 255  55   0   0
  0   0  93 255 255 255 229  57  58 231 255 255 255  55   0   0
  0   0  93 255 255 255 255 255 255 255 255 255 255  55   0   0
  0   0  93 255 255 255 255 255 255 255 255 255 255  55   0   0
  0   0  33  93  93  93  93  93  93  93  93  93  93  19   0   0
  0   0   0   0   0   0   0   0   0   0   0   0   0   0   0   0
  0   0   0   0   0   0   0   0   0   0   0   0   0   0   0   0
  0   0   0   0   0   0   0   0   0   0   0   0   0   0   0   0
  0   0   0   0   0   0   0   0   0   0   0   0   0   0   0   0
  0   0  19  55  55  55  55  55  55  55  55  55  55  11   0   0
  0   0  93 255 255 255 255 255 255 255 255 255 255  55   0   0
  0   0  93 255 255 255 255 255 255 255 255 255 255  55   0   0
  0   0  93 255 255  73  76 227 226  74  95 255 255  55   0   0
  0   0  93 255 255  25  25 197 200  46  74 255 255  55   0   0
  0   0  93 255 255  25   4  31  63 200 226 255 255  55   0   0
  0   0  93 255 255  57  31   5  37 229 255 255 255  55   0   0
  0   0  93 255 255 229 201  31  37 229 255 255 255  55   0   0
  0   0  93 255 255 255 229  57  58 231 255 255 255  55   0   0
  0   0  93 255 255 255 255 255 255 255 255 255 255  55   0   0
  0   0  93 255 255 255 255 255 255 255 255 255 255  55   0   0
  0   0  33  93  93  93  93  93  93  93  93  93  93  19   0   0
  0   0   0   0   0   0   0   0   0   0   0   0   0   0   0   0
  0   0   0   0   0   0   0   0   0   0   0   0   0   0   0   0
